Cf = 2500;
Cr = 2000;
Iyy = 2100;
Kf = 28000;
Kr = 21000;
Lf = 0.9;
Lr = 1.2;
mb = 1200;